00001.ppm;461;570;1145;576
00003.ppm;1165;440;1248;520
00003.ppm;742;443;765;466
00003.ppm;742;467;765;490
00004.ppm;906;406;955;458
00005.ppm;1172;164;1285;278
00006.ppm;967;389;1039;408
00006.ppm;926;350;989;414
00007.ppm;429;384;898;720
00007.ppm;434;221;716;794
00007.ppm;825;405;863;445
00008.ppm;785;460;812;486
00009.ppm;520;115;1116;578
00009.ppm;704;449;1041;680
00009.ppm;926;465;949;490
00010.ppm;561;564;1161;587
00010.ppm;836;625;1260;674
00012.ppm;743;123;1076;377
00012.ppm;978;363;1034;418
00013.ppm;667;798;855;799
00013.ppm;1043;280;1119;356
00014.ppm;1098;596;1328;708
00015.ppm;265;643;539;661
00017.ppm;372;83;458;716
00018.ppm;332;201;1256;354
00018.ppm;949;455;981;486
00019.ppm;1095;276;1255;490
00019.ppm;846;424;887;465
00022.ppm;1234;765;1342;799
00022.ppm;33;126;1237;777
00023.ppm;118;546;1146;760
00023.ppm;342;493;475;753
00023.ppm;998;291;1073;371
00024.ppm;1087;101;1185;462
00024.ppm;1249;664;1329;711
00025.ppm;826;794;1187;797
00026.ppm;837;628;1259;648
00026.ppm;1266;308;1318;538
00026.ppm;453;411;492;452
00027.ppm;463;311;693;383
00027.ppm;503;547;617;629
00027.ppm;968;387;1024;441
00027.ppm;103;376;158;429
00028.ppm;205;365;887;450
00029.ppm;597;469;1181;785
00029.ppm;942;554;1262;778
00029.ppm;1091;393;1133;436
00031.ppm;782;314;985;450
00031.ppm;588;57;1259;490
00033.ppm;1049;754;1065;776
00034.ppm;952;519;1034;566
00035.ppm;293;469;293;627
00035.ppm;881;494;1092;738
00037.ppm;554;317;1200;509
00037.ppm;466;378;728;427
00038.ppm;502;717;1076;732
00040.ppm;1340;492;1352;747
00040.ppm;913;238;1071;786
00041.ppm;760;319;1061;456
00041.ppm;1109;582;1167;596
00042.ppm;816;304;969;394
00043.ppm;1015;622;1143;668
00044.ppm;1213;763;1224;783
00045.ppm;690;286;1225;438
00046.ppm;350;758;354;796
00046.ppm;338;782;632;785
00047.ppm;968;654;1335;757
00048.ppm;1063;560;1227;667
00048.ppm;1267;439;1311;439
00049.ppm;189;783;530;790
00049.ppm;1313;68;1349;104
00050.ppm;1039;247;1165;710
00051.ppm;136;426;891;442
00053.ppm;1156;334;1196;373
00054.ppm;1116;472;1146;502
00055.ppm;1001;62;1296;441
00056.ppm;920;199;1067;618
00056.ppm;729;436;760;468
00057.ppm;990;417;1035;467
00058.ppm;373;422;638;673
00058.ppm;1082;556;1199;684
00060.ppm;819;441;843;464
00061.ppm;989;144;1253;236
00061.ppm;1224;333;1286;395
00062.ppm;956;148;1238;319
00062.ppm;973;233;1186;497
00063.ppm;708;597;1171;786
00063.ppm;815;499;836;522
00064.ppm;615;241;1184;532
00064.ppm;786;447;808;471
00065.ppm;184;753;546;796
00065.ppm;798;641;1108;750
00065.ppm;974;378;1022;427
00066.ppm;115;471;909;731
00066.ppm;611;55;1040;298
00067.ppm;863;519;873;577
00067.ppm;949;435;978;466
00069.ppm;392;656;1086;702
00069.ppm;818;459;838;480
00071.ppm;795;474;822;503
00071.ppm;794;503;821;529
00072.ppm;231;586;501;696
00072.ppm;836;456;857;479
00073.ppm;164;581;748;701
00073.ppm;727;457;749;478
00073.ppm;728;477;750;497
00073.ppm;431;475;452;494
00075.ppm;1180;535;1189;653
00075.ppm;1130;409;1179;456
00076.ppm;1014;394;1075;780
00076.ppm;790;471;814;496
00077.ppm;1013;10;1029;116
00078.ppm;875;627;1320;703
00079.ppm;34;574;737;726
00080.ppm;806;99;1170;251
00080.ppm;134;315;930;394
00080.ppm;829;381;880;432
00082.ppm;936;8;966;176
00083.ppm;330;58;1166;744
00084.ppm;180;204;1344;690
00084.ppm;244;586;546;762
00085.ppm;531;226;973;226
00085.ppm;847;429;875;458
00086.ppm;118;553;253;646
00086.ppm;1086;300;1255;656
00087.ppm;397;118;459;324
00087.ppm;796;370;849;781
00088.ppm;787;462;798;744
00088.ppm;700;597;1009;737
00088.ppm;957;464;982;491
00088.ppm;409;464;437;491
00088.ppm;957;440;982;463
00089.ppm;1159;758;1215;772
00089.ppm;1025;439;1054;468
00089.ppm;635;448;661;474
00090.ppm;829;81;989;719
00091.ppm;315;190;675;619
00093.ppm;344;397;380;436
00093.ppm;1076;339;1119;388
00094.ppm;313;696;958;787
00094.ppm;946;370;994;420
00094.ppm;114;316;188;391
00095.ppm;322;370;369;397
00095.ppm;697;460;718;480
00096.ppm;187;136;1302;607
00097.ppm;635;253;986;372
00097.ppm;151;121;1005;688
00098.ppm;538;556;721;648
00098.ppm;553;165;1248;575
00099.ppm;240;345;863;573
00101.ppm;835;405;892;460
00102.ppm;594;456;941;574
00102.ppm;335;659;891;729
00103.ppm;1046;46;1195;665
00104.ppm;1284;257;1296;561
00105.ppm;228;326;836;430
00106.ppm;391;101;585;775
00107.ppm;870;46;965;461
00107.ppm;1319;798;1326;799
00107.ppm;489;536;530;575
00109.ppm;989;484;1020;514
00110.ppm;929;490;954;513
00111.ppm;535;754;848;784
00111.ppm;1090;465;1123;497
00111.ppm;350;504;381;535
00112.ppm;750;175;1075;467
00112.ppm;367;473;399;508
00112.ppm;1185;474;1225;513
00113.ppm;352;414;420;480
00114.ppm;161;465;1261;479
00114.ppm;1170;421;1230;484
00115.ppm;52;693;99;703
00116.ppm;1240;199;1340;485
00118.ppm;378;331;599;623
00119.ppm;1270;426;1311;540
00120.ppm;237;690;962;706
00120.ppm;58;242;164;345
00121.ppm;483;295;650;510
00122.ppm;757;597;1239;769
00122.ppm;499;495;522;518
00122.ppm;883;497;904;520
00123.ppm;518;492;550;524
00123.ppm;1101;483;1133;517
00124.ppm;153;747;323;790
00124.ppm;532;480;557;507
00124.ppm;977;469;1003;496
00125.ppm;151;774;961;785
00125.ppm;1019;313;1106;402
00126.ppm;576;737;778;744
00126.ppm;840;373;867;404
00126.ppm;379;365;411;396
00127.ppm;1008;380;1045;416
00128.ppm;1074;577;1350;727
00128.ppm;594;25;1206;619
00129.ppm;962;379;1008;425
00130.ppm;601;430;626;455
00131.ppm;1058;686;1071;744
00131.ppm;1009;431;1033;455
00131.ppm;473;390;501;416
00133.ppm;917;125;1132;688
00133.ppm;858;505;960;546
00134.ppm;564;800;1104;800
00134.ppm;961;432;1297;643
00134.ppm;1008;299;1074;365
00135.ppm;1133;422;1308;469
00138.ppm;588;656;955;686
00138.ppm;1257;188;1302;519
00138.ppm;156;179;235;269
00138.ppm;1302;399;1336;432
00140.ppm;572;380;715;517
00141.ppm;315;58;387;384
00141.ppm;857;380;895;417
00142.ppm;316;107;1256;291
00142.ppm;817;455;834;472
00143.ppm;5;613;227;754
00143.ppm;620;709;865;748
00144.ppm;246;726;348;788
00144.ppm;708;445;726;464
00145.ppm;1078;143;1273;725
00146.ppm;1262;347;1311;482
00146.ppm;711;427;730;445
00148.ppm;63;776;475;789
00149.ppm;931;597;951;711
00149.ppm;1132;275;1221;362
00150.ppm;1171;586;1203;700
00150.ppm;824;344;865;387
00151.ppm;1208;13;1347;636
00151.ppm;793;371;823;401
00152.ppm;1084;530;1215;578
00153.ppm;1181;798;1223;798
00154.ppm;599;570;1255;788
00155.ppm;10;695;1100;716
00155.ppm;291;377;1097;495
00156.ppm;371;291;763;483
00156.ppm;504;544;928;645
00156.ppm;818;389;848;417
00157.ppm;866;23;1128;502
00157.ppm;9;361;250;665
00157.ppm;262;422;296;460
00157.ppm;884;392;927;431
00158.ppm;528;579;1275;695
00158.ppm;539;493;550;772
00159.ppm;467;217;1289;697
00159.ppm;945;26;1222;190
00160.ppm;366;226;1209;438
00160.ppm;1271;114;1284;188
00161.ppm;1210;444;1235;497
00162.ppm;747;203;1349;388
00163.ppm;702;118;946;440
00164.ppm;537;791;1102;795
00164.ppm;46;329;1294;677
00165.ppm;1355;786;1360;791
00165.ppm;665;221;936;510
00165.ppm;381;412;398;431
00166.ppm;736;438;890;765
00166.ppm;1059;38;1220;697
00167.ppm;577;322;1040;694
00167.ppm;1060;135;1166;557
00167.ppm;369;445;392;469
00167.ppm;728;434;749;455
00168.ppm;822;665;827;683
00169.ppm;784;546;978;746
00169.ppm;1090;152;1212;275
00170.ppm;587;126;708;201
00170.ppm;38;147;884;158
00170.ppm;913;322;944;357
00171.ppm;155;204;963;336
00171.ppm;884;385;932;434
00172.ppm;868;627;1078;674
00172.ppm;718;419;737;437
00173.ppm;528;473;730;474
00173.ppm;1111;278;1161;328
00174.ppm;337;579;424;597
00175.ppm;1267;313;1336;645
00175.ppm;893;341;945;397
00176.ppm;936;790;1094;795
00176.ppm;850;413;874;440
00177.ppm;911;581;1057;590
00177.ppm;1305;679;1327;690
00178.ppm;145;307;698;740
00178.ppm;728;456;748;476
00180.ppm;969;385;1003;421
00181.ppm;270;468;629;670
00181.ppm;793;298;853;360
00182.ppm;614;83;707;263
00182.ppm;1347;723;1353;796
00182.ppm;657;413;685;441
00183.ppm;1110;795;1169;796
00183.ppm;827;777;1267;792
00184.ppm;275;411;362;607
00184.ppm;789;273;850;333
00185.ppm;154;141;1061;610
00185.ppm;966;151;1077;258
00186.ppm;603;456;622;473
00186.ppm;325;428;345;448
00187.ppm;553;275;1345;526
00187.ppm;675;405;709;439
00187.ppm;161;393;195;428
00188.ppm;538;787;564;791
00188.ppm;603;637;1013;795
00192.ppm;677;671;891;677
00193.ppm;816;347;854;538
00194.ppm;928;215;943;792
00194.ppm;1225;80;1259;178
00195.ppm;108;415;613;551
00197.ppm;207;281;965;661
00197.ppm;255;175;801;782
00199.ppm;792;174;1044;351
00200.ppm;377;502;1233;724
00202.ppm;25;520;780;726
00203.ppm;162;758;1147;789
00203.ppm;996;348;1298;365
00203.ppm;759;376;785;400
00204.ppm;774;348;1272;676
00204.ppm;141;23;1263;200
00204.ppm;857;151;946;241
00205.ppm;508;660;546;792
00205.ppm;962;543;1252;783
00207.ppm;79;648;210;675
00208.ppm;1165;58;1251;474
00209.ppm;684;760;939;797
00209.ppm;452;6;1313;348
00210.ppm;1331;623;1335;721
00210.ppm;549;692;770;715
00212.ppm;444;653;1290;677
00214.ppm;1040;120;1252;538
00216.ppm;637;151;902;200
00216.ppm;302;244;1173;771
00216.ppm;313;442;338;467
00216.ppm;887;446;911;473
00217.ppm;236;700;537;749
00217.ppm;467;103;861;697
00217.ppm;971;267;1031;329
00218.ppm;85;48;255;70
00218.ppm;673;375;1348;726
00220.ppm;808;201;952;570
00221.ppm;526;727;957;739
00222.ppm;85;392;798;495
00222.ppm;984;353;1022;390
00223.ppm;282;693;682;711
00223.ppm;1030;667;1064;762
00223.ppm;816;333;857;374
00224.ppm;425;266;881;368
00224.ppm;965;526;1014;627
00224.ppm;923;277;977;341
00224.ppm;978;263;1042;334
00225.ppm;1326;147;1331;770
00225.ppm;856;268;924;335
00226.ppm;1152;225;1221;290
00227.ppm;12;373;851;513
00228.ppm;1073;411;1263;617
00228.ppm;938;295;999;357
00229.ppm;1273;384;1306;417
00229.ppm;1305;382;1340;414
00230.ppm;975;399;1002;425
00231.ppm;554;544;1124;596
00231.ppm;1146;363;1184;398
00232.ppm;273;455;1305;760
00233.ppm;571;369;821;681
00234.ppm;1134;276;1298;330
00234.ppm;1052;275;1114;339
00235.ppm;343;86;989;283
00235.ppm;1334;201;1343;551
00236.ppm;613;436;790;443
00238.ppm;479;593;1097;716
00238.ppm;849;443;876;471
00239.ppm;1065;471;1334;599
00239.ppm;793;439;811;457
00240.ppm;451;294;500;558
00240.ppm;846;364;879;395
00241.ppm;674;753;1141;782
00241.ppm;839;400;879;441
00242.ppm;781;429;1221;578
00242.ppm;848;388;869;413
00243.ppm;842;448;867;469
00244.ppm;358;561;1051;762
00244.ppm;735;205;1189;347
00244.ppm;492;390;530;429
00244.ppm;1238;348;1283;395
00245.ppm;510;650;1010;773
00245.ppm;477;442;499;464
00245.ppm;850;439;874;461
00246.ppm;311;380;355;425
00246.ppm;1091;354;1133;397
00247.ppm;1040;310;1147;500
00247.ppm;774;299;992;468
00247.ppm;472;453;493;473
00247.ppm;855;447;877;470
00248.ppm;984;119;1081;461
00248.ppm;931;753;1274;767
00248.ppm;204;452;230;480
00248.ppm;843;428;870;455
00249.ppm;343;102;364;600
00249.ppm;178;124;732;625
00249.ppm;1211;419;1244;451
00250.ppm;681;134;728;665
00250.ppm;907;446;933;470
00251.ppm;232;367;1351;546
00251.ppm;1073;420;1079;607
00252.ppm;914;388;961;434
00252.ppm;910;327;956;371
00253.ppm;13;796;732;797
00253.ppm;1185;134;1301;244
00254.ppm;143;770;835;781
00254.ppm;1172;270;1236;336
00256.ppm;842;11;1020;555
00256.ppm;975;380;1314;523
00257.ppm;1136;118;1241;165
00257.ppm;292;208;448;452
00259.ppm;1201;328;1246;374
00260.ppm;1358;366;1360;722
00260.ppm;720;266;784;329
00261.ppm;1348;236;1358;500
00262.ppm;619;313;698;655
00263.ppm;646;418;667;437
00264.ppm;954;615;998;718
00264.ppm;964;412;988;435
00264.ppm;965;435;987;457
00264.ppm;509;466;530;488
00265.ppm;657;101;776;675
00265.ppm;805;457;827;481
00267.ppm;459;604;516;616
00267.ppm;323;732;824;793
00268.ppm;38;281;1008;311
00268.ppm;630;545;1197;710
00268.ppm;891;396;916;421
00269.ppm;1235;101;1243;581
00269.ppm;315;646;356;758
00269.ppm;966;430;991;454
00270.ppm;876;617;1157;773
00270.ppm;242;335;294;386
00270.ppm;1237;279;1291;332
00271.ppm;82;41;928;586
00271.ppm;813;374;1264;472
00271.ppm;259;368;298;409
00271.ppm;1089;342;1129;382
00272.ppm;1102;548;1156;749
00272.ppm;897;355;1257;797
00274.ppm;476;726;725;789
00274.ppm;974;396;1010;431
00275.ppm;932;327;1127;515
00277.ppm;907;309;1290;375
00277.ppm;1048;400;1070;421
00278.ppm;528;592;1179;703
00279.ppm;635;116;834;175
00279.ppm;276;236;533;783
00280.ppm;876;611;1051;638
00280.ppm;1053;392;1083;422
00281.ppm;985;392;1016;426
00282.ppm;291;345;1248;346
00283.ppm;748;105;1299;238
00283.ppm;1177;114;1284;219
00284.ppm;274;114;728;522
00284.ppm;387;224;547;252
00284.ppm;994;346;1051;403
00285.ppm;507;230;1294;772
00286.ppm;523;270;644;760
00287.ppm;495;454;1118;595
00287.ppm;1113;371;1154;410
00288.ppm;414;456;436;480
00288.ppm;983;438;1005;462
00289.ppm;901;143;918;656
00290.ppm;595;41;1218;729
00290.ppm;965;196;1292;623
00290.ppm;1295;392;1327;427
00291.ppm;924;40;1108;310
00291.ppm;1129;385;1165;422
00292.ppm;225;313;1089;608
00292.ppm;983;423;1011;452
00292.ppm;316;448;346;477
00293.ppm;326;228;814;399
00293.ppm;1068;66;1298;250
00293.ppm;27;409;70;457
00293.ppm;1142;366;1192;414
00294.ppm;206;508;243;794
00296.ppm;460;409;492;441
00296.ppm;1237;384;1269;417
00298.ppm;40;215;752;295
00299.ppm;208;172;877;587
00301.ppm;544;257;735;601
00301.ppm;1074;317;1124;367
00303.ppm;245;584;680;724
00303.ppm;1186;385;1214;414
00304.ppm;887;677;942;757
00305.ppm;181;741;1236;774
00306.ppm;1105;624;1301;761
00307.ppm;684;85;811;174
00309.ppm;425;481;977;646
00309.ppm;181;387;221;430
00309.ppm;1158;353;1203;398
00310.ppm;1203;12;1290;109
00310.ppm;1047;284;1340;439
00311.ppm;393;97;462;759
00311.ppm;615;423;650;457
00311.ppm;1295;390;1328;425
00312.ppm;952;391;1113;735
00312.ppm;121;268;224;379
00314.ppm;271;444;886;651
00314.ppm;1212;398;1247;434
00314.ppm;396;451;429;486
00316.ppm;628;711;769;726
00316.ppm;697;436;719;459
00317.ppm;101;796;674;798
00317.ppm;631;491;748;658
00318.ppm;631;450;657;477
00319.ppm;1200;403;1247;450
00319.ppm;569;436;612;482
00320.ppm;606;504;1309;585
00321.ppm;93;74;334;180
00322.ppm;1329;160;1358;301
00322.ppm;464;324;1319;370
00322.ppm;1167;326;1210;370
00323.ppm;1329;206;1360;654
00323.ppm;854;438;882;466
00325.ppm;691;198;878;596
00326.ppm;1174;606;1347;673
00327.ppm;386;262;1139;565
00327.ppm;623;115;921;525
00329.ppm;1118;341;1200;516
00330.ppm;117;791;928;799
00330.ppm;715;688;835;749
00330.ppm;1051;314;1116;382
00331.ppm;380;762;1226;792
00332.ppm;1058;628;1357;753
00332.ppm;881;649;908;711
00334.ppm;690;192;911;667
00334.ppm;322;452;368;498
00334.ppm;761;434;797;473
00335.ppm;191;431;578;666
00335.ppm;1108;313;1351;765
00336.ppm;1345;387;1358;609
00337.ppm;1311;543;1341;731
00338.ppm;348;41;507;292
00338.ppm;505;426;536;453
00338.ppm;1000;427;1029;454
00339.ppm;908;111;1119;727
00339.ppm;627;442;661;476
00340.ppm;664;246;1232;455
00342.ppm;784;335;1198;431
00343.ppm;699;150;739;489
00343.ppm;802;530;829;559
00343.ppm;483;506;512;536
00344.ppm;783;744;883;788
00344.ppm;337;776;441;787
00345.ppm;211;75;956;743
00346.ppm;1264;117;1284;713
00346.ppm;290;541;322;570
00346.ppm;883;542;911;570
00347.ppm;611;218;774;490
00348.ppm;711;377;1192;580
00348.ppm;169;392;376;474
00348.ppm;951;525;990;563
00349.ppm;631;515;1250;789
00349.ppm;52;455;114;514
00349.ppm;1244;465;1312;533
00350.ppm;475;544;507;575
00350.ppm;1093;543;1126;572
00351.ppm;630;152;949;374
00351.ppm;584;332;647;759
00351.ppm;512;533;538;559
00352.ppm;679;320;1093;782
00353.ppm;889;463;1179;528
00353.ppm;836;554;861;579
00353.ppm;457;560;478;581
00354.ppm;605;566;728;737
00355.ppm;1218;146;1357;300
00355.ppm;701;263;881;669
00356.ppm;785;544;961;687
00357.ppm;1096;524;1129;559
00357.ppm;462;529;500;564
00358.ppm;1220;425;1272;664
00358.ppm;1256;113;1259;523
00358.ppm;315;490;374;549
00359.ppm;255;54;513;781
00359.ppm;878;559;903;584
00359.ppm;467;559;492;586
00360.ppm;90;512;284;530
00360.ppm;950;288;1248;624
00360.ppm;1032;484;1076;528
00360.ppm;253;501;295;546
00361.ppm;870;483;900;787
00362.ppm;952;675;1012;797
00362.ppm;644;127;1351;788
00363.ppm;633;512;1072;695
00363.ppm;243;527;722;721
00363.ppm;408;482;450;527
00364.ppm;510;259;993;362
00365.ppm;1199;156;1304;188
00366.ppm;467;164;1084;495
00366.ppm;518;553;541;576
00366.ppm;988;550;1014;573
00366.ppm;989;574;1016;596
00367.ppm;1029;500;1068;541
00367.ppm;1029;542;1071;583
00367.ppm;235;533;276;572
00368.ppm;383;459;432;510
00368.ppm;377;509;430;561
00369.ppm;520;544;541;563
00369.ppm;519;563;544;586
00369.ppm;874;533;895;552
00370.ppm;880;537;904;559
00370.ppm;880;558;906;584
00370.ppm;440;532;467;554
00370.ppm;441;553;468;577
00371.ppm;1237;132;1311;572
00371.ppm;317;520;373;577
00372.ppm;367;590;973;744
00372.ppm;975;485;1018;528
00373.ppm;819;512;854;546
00374.ppm;951;410;1119;498
00374.ppm;843;769;859;785
00375.ppm;1281;295;1304;449
00377.ppm;1152;63;1186;372
00377.ppm;1133;504;1172;543
00377.ppm;240;490;279;531
00377.ppm;1134;542;1172;582
00378.ppm;200;545;1006;558
00378.ppm;23;362;142;480
00378.ppm;21;242;145;361
00379.ppm;85;675;1143;735
00379.ppm;1260;413;1334;700
00379.ppm;186;459;231;505
00379.ppm;1063;488;1112;537
00379.ppm;185;504;231;549
00380.ppm;1149;587;1346;710
00380.ppm;551;560;574;583
00380.ppm;954;565;975;587
00380.ppm;952;540;975;563
00380.ppm;551;536;575;560
00381.ppm;817;446;1115;749
00382.ppm;341;422;484;606
00382.ppm;420;196;1303;413
00382.ppm;446;490;486;531
00382.ppm;446;529;485;567
00382.ppm;1210;533;1251;572
00383.ppm;1108;268;1195;385
00384.ppm;608;395;1188;547
00384.ppm;1199;416;1264;481
00384.ppm;1201;479;1267;545
00385.ppm;249;499;538;794
00385.ppm;58;727;347;731
00386.ppm;556;561;579;587
00386.ppm;977;549;1001;574
00387.ppm;351;224;383;428
00387.ppm;4;790;806;799
00388.ppm;204;786;575;789
00388.ppm;895;544;1142;619
00389.ppm;649;662;701;758
00389.ppm;1296;584;1336;761
00390.ppm;456;503;503;550
00390.ppm;1219;494;1265;541
00391.ppm;1345;566;1347;713
00392.ppm;357;443;422;513
00393.ppm;365;197;631;765
00394.ppm;776;35;1092;318
00394.ppm;29;73;1162;293
00395.ppm;266;596;1305;625
00396.ppm;58;619;180;639
00396.ppm;193;484;237;532
00396.ppm;998;468;1047;515
00397.ppm;1209;522;1219;560
00397.ppm;948;558;984;593
00397.ppm;948;524;981;559
00398.ppm;1097;336;1210;549
00398.ppm;772;537;795;559
00399.ppm;1275;724;1315;771
00399.ppm;197;699;588;700
00401.ppm;91;163;885;706
00401.ppm;1350;24;1355;104
00401.ppm;420;495;462;537
00401.ppm;1122;497;1162;539
00402.ppm;582;32;1206;719
00403.ppm;476;175;1011;571
00403.ppm;645;322;1247;504
00403.ppm;567;541;592;564
00403.ppm;938;532;966;559
00404.ppm;1287;783;1293;794
00404.ppm;81;623;1200;640
00404.ppm;335;415;397;475
00404.ppm;1255;415;1312;473
00405.ppm;1256;470;1309;525
00405.ppm;355;444;410;499
00406.ppm;1302;555;1313;733
00406.ppm;335;719;602;737
00407.ppm;1184;168;1214;222
00407.ppm;603;21;878;279
00408.ppm;500;245;754;307
00409.ppm;636;191;1261;337
00410.ppm;617;325;703;475
00410.ppm;745;428;1285;467
00411.ppm;408;181;884;734
00412.ppm;509;480;1330;647
00412.ppm;11;75;268;525
00412.ppm;1003;499;1047;544
00413.ppm;82;706;1140;736
00414.ppm;1032;421;1077;468
00415.ppm;562;403;955;682
00415.ppm;827;549;849;571
00416.ppm;471;573;767;616
00416.ppm;813;506;851;543
00418.ppm;460;563;481;586
00419.ppm;991;395;1060;777
00419.ppm;980;490;1024;537
00420.ppm;126;672;278;688
00420.ppm;362;548;383;570
00421.ppm;579;773;902;795
00422.ppm;33;505;913;543
00422.ppm;502;79;977;461
00424.ppm;298;8;491;568
00425.ppm;303;503;343;543
00425.ppm;900;501;940;542
00425.ppm;302;543;343;582
00425.ppm;904;541;943;583
00427.ppm;632;577;1209;728
00427.ppm;1342;598;1345;671
00427.ppm;293;384;388;479
00428.ppm;325;548;354;575
00428.ppm;937;544;966;571
00429.ppm;477;369;658;460
00430.ppm;848;68;1192;155
00430.ppm;353;732;825;737
00431.ppm;1142;496;1179;537
00432.ppm;300;481;830;773
00432.ppm;1009;719;1087;734
00432.ppm;943;513;970;540
00433.ppm;774;631;1175;751
00434.ppm;1045;655;1158;685
00434.ppm;167;194;256;286
00435.ppm;801;147;1325;293
00435.ppm;835;535;862;565
00436.ppm;197;108;650;187
00436.ppm;795;530;817;552
00437.ppm;632;324;826;482
00438.ppm;103;618;472;682
00438.ppm;99;740;485;750
00439.ppm;1194;504;1251;564
00440.ppm;618;78;1291;233
00440.ppm;336;64;942;283
00441.ppm;9;570;852;728
00441.ppm;1063;531;1112;581
00442.ppm;254;655;812;666
00443.ppm;1081;735;1162;753
00443.ppm;823;579;843;598
00443.ppm;477;578;498;596
00444.ppm;242;736;466;782
00444.ppm;390;570;418;600
00444.ppm;971;572;1000;602
00445.ppm;334;440;1272;460
00445.ppm;1039;180;1055;367
00445.ppm;1020;498;1066;544
00445.ppm;213;519;253;561
00446.ppm;1177;384;1181;533
00447.ppm;1354;536;1358;668
00448.ppm;508;469;822;760
00449.ppm;1116;482;1338;501
00449.ppm;1045;288;1147;543
00451.ppm;544;697;926;703
00452.ppm;1199;459;1274;711
00453.ppm;62;99;1118;389
00453.ppm;588;350;1055;440
00454.ppm;751;622;991;791
00455.ppm;1069;148;1345;256
00456.ppm;1110;355;1351;524
00456.ppm;420;413;475;471
00457.ppm;214;188;1259;341
00457.ppm;1244;417;1302;475
00457.ppm;518;466;554;504
00458.ppm;542;35;782;115
00458.ppm;371;739;1160;758
00459.ppm;85;196;1302;247
00459.ppm;884;548;909;573
00460.ppm;111;251;959;272
00461.ppm;231;480;623;527
00462.ppm;882;86;1160;412
00466.ppm;1098;705;1164;711
00466.ppm;123;240;880;429
00467.ppm;1131;502;1168;537
00468.ppm;1128;506;1166;544
00470.ppm;686;85;1132;520
00470.ppm;824;489;846;513
00471.ppm;749;46;874;337
00472.ppm;191;130;1292;484
00473.ppm;507;532;541;565
00473.ppm;1153;507;1183;538
00474.ppm;1176;396;1233;645
00474.ppm;225;128;402;651
00474.ppm;1243;548;1275;581
00474.ppm;513;569;545;600
00475.ppm;83;550;661;691
00476.ppm;928;58;1022;547
00476.ppm;164;517;199;556
00476.ppm;1152;523;1187;557
00477.ppm;1352;599;1358;738
00477.ppm;298;505;337;547
00478.ppm;1253;670;1259;691
00478.ppm;780;760;1224;772
00478.ppm;921;470;963;512
00478.ppm;218;483;258;522
00479.ppm;356;111;715;536
00479.ppm;166;172;587;322
00480.ppm;1055;444;1102;492
00481.ppm;691;356;1230;641
00482.ppm;21;169;203;765
00482.ppm;1242;203;1290;299
00483.ppm;598;5;646;623
00483.ppm;249;722;469;723
00483.ppm;151;510;204;563
00483.ppm;1181;532;1231;583
00484.ppm;338;510;372;542
00484.ppm;1002;529;1035;562
00485.ppm;787;124;1299;500
00485.ppm;204;377;279;454
00486.ppm;410;519;465;573
00487.ppm;438;790;637;793
00488.ppm;376;735;1147;797
00489.ppm;1128;566;1304;704
00490.ppm;174;220;820;581
00492.ppm;1230;254;1266;378
00493.ppm;685;203;690;588
00493.ppm;1155;414;1158;744
00494.ppm;1113;300;1211;394
00495.ppm;758;452;773;794
00495.ppm;491;212;976;667
00496.ppm;512;495;552;536
00496.ppm;508;534;549;575
00497.ppm;178;515;471;762
00497.ppm;241;177;1326;253
00500.ppm;81;154;628;551
00500.ppm;953;500;1000;545
00501.ppm;724;109;1344;737
00501.ppm;944;558;963;577
00501.ppm;610;558;628;577
00502.ppm;264;336;502;429
00503.ppm;1230;663;1290;772
00503.ppm;835;349;889;456
00505.ppm;841;655;1008;755
00505.ppm;422;3;1305;171
00506.ppm;1318;80;1328;308
00508.ppm;300;682;834;707
00510.ppm;1042;723;1047;793
00510.ppm;392;629;565;641
00511.ppm;81;507;603;795
00512.ppm;3;651;1243;665
00512.ppm;394;491;585;654
00512.ppm;231;485;269;522
00512.ppm;1140;490;1179;529
00513.ppm;989;559;1142;613
00513.ppm;355;376;510;442
00513.ppm;142;501;196;557
00514.ppm;380;511;417;547
00514.ppm;1167;491;1205;529
00515.ppm;249;217;1234;495
00515.ppm;258;361;333;434
00516.ppm;55;401;1270;404
00516.ppm;680;738;862;780
00517.ppm;1201;87;1325;532
00517.ppm;270;422;344;496
00518.ppm;1231;632;1291;639
00518.ppm;450;525;500;574
00519.ppm;558;754;1244;774
00519.ppm;453;530;507;584
00520.ppm;1075;780;1115;781
00520.ppm;380;507;435;564
00521.ppm;378;573;405;603
00521.ppm;946;566;976;595
00522.ppm;352;472;613;602
00522.ppm;252;231;274;319
00523.ppm;702;162;1341;402
00523.ppm;1284;512;1329;555
00523.ppm;455;516;501;562
00524.ppm;1145;742;1277;757
00524.ppm;961;105;1136;258
00524.ppm;187;531;240;584
00524.ppm;1220;528;1271;581
00525.ppm;386;291;551;586
00527.ppm;358;420;390;450
00528.ppm;308;540;1266;550
00528.ppm;165;415;206;454
00530.ppm;186;520;499;698
00530.ppm;424;400;459;435
00530.ppm;1011;400;1043;433
00531.ppm;1236;339;1314;458
00531.ppm;484;443;504;462
00531.ppm;909;431;931;453
00533.ppm;95;461;1310;769
00534.ppm;1190;403;1193;562
00536.ppm;809;696;1160;750
00537.ppm;370;162;1166;762
00538.ppm;249;167;900;750
00540.ppm;475;271;744;657
00541.ppm;1240;690;1325;757
00541.ppm;270;430;1341;579
00542.ppm;1130;24;1209;343
00542.ppm;302;611;1066;712
00544.ppm;744;438;763;458
00545.ppm;629;151;792;444
00545.ppm;212;435;247;474
00546.ppm;677;214;912;652
00550.ppm;1247;614;1330;729
00551.ppm;462;69;945;236
00551.ppm;172;289;1088;425
00551.ppm;936;466;966;494
00552.ppm;290;737;482;788
00552.ppm;536;512;554;530
00552.ppm;538;528;554;545
00552.ppm;813;508;832;526
00552.ppm;815;524;831;541
00553.ppm;876;287;1116;478
00553.ppm;1183;663;1247;742
00554.ppm;1171;194;1252;760
00555.ppm;843;431;1162;664
00556.ppm;1263;118;1281;341
00557.ppm;792;538;988;666
00558.ppm;1166;406;1359;675
00559.ppm;1084;761;1142;761
00560.ppm;562;213;1236;524
00560.ppm;1039;174;1099;233
00564.ppm;1180;234;1259;728
00565.ppm;682;154;1150;735
00565.ppm;880;238;1310;445
00566.ppm;655;396;690;428
00566.ppm;124;419;155;451
00568.ppm;573;260;736;619
00569.ppm;536;38;719;592
00569.ppm;464;29;679;49
00570.ppm;805;161;1201;772
00570.ppm;664;35;1238;224
00570.ppm;881;415;915;449
00573.ppm;18;123;526;520
00574.ppm;518;408;839;608
00574.ppm;845;311;1022;765
00577.ppm;877;604;1105;792
00578.ppm;522;730;883;761
00580.ppm;417;543;788;543
00581.ppm;282;713;570;759
00581.ppm;733;266;774;601
00582.ppm;977;149;1159;710
00583.ppm;221;738;270;752
00583.ppm;821;472;1256;763
00584.ppm;819;296;944;757
00586.ppm;833;482;1306;780
00587.ppm;438;620;844;742
00588.ppm;227;249;1356;599
00588.ppm;729;135;1104;733
00589.ppm;891;113;1062;415
00589.ppm;995;45;1004;642
00591.ppm;470;191;812;752
00591.ppm;780;250;1061;763
00593.ppm;1088;192;1308;748
00593.ppm;503;113;1020;341
00595.ppm;92;47;1184;765
00597.ppm;1293;717;1303;734
00599.ppm;1312;390;1330;704
00599.ppm;701;454;721;476
